-0.047 0.032 0.178 0 0 0
0.004 0.059 0.192 0 0 0
-0.039 0.007 0.195 0 0 0
0.016 0.004 0.216 0 0 0
0.033 -0.079 0.196 0 0 0
-0.036 -0.077 0.216 0 0 0
0.04 0.028 0.175 0 0 0
0.031 -0.056 0.208 0 0 0
-0.025 -0.109 0.231 0 0 0
0.042 -0.02 0.161 0 0 0
0.047 0.047 0.172 0 0 0
-0.005 0.054 0.192 0 0 0
0.039 0.007 0.181 0 0 0
-0.024 -0.006 0.216 0 0 0
-0.033 -0.074 0.196 0 0 0
0.036 -0.077 0.208 0 0 0
-0.039 0.02 0.175 0 0 0
-0.031 -0.066 0.215 0 0 0
0.025 -0.104 0.225 0 0 0
-0.042 -0.021 0.161 0 0 0
0.035 0.004 0.236 0 0 0
0.031 -0.032 0.261 0 0 0
0.025 0.042 0.275 0 0 0
-0.004 -0.05 0.295 0 0 0
0.001 -0.001 0.234 0 0 0
-0.002 -0.05 0.235 0 0 0
-0.047 0.05 0.242 0 0 0
-0.018 0.012 0.28 0 0 0
-0.014 -0.001 0.236 0 0 0
-0.039 0.003 0.255 0 0 0
-0.035 0.004 0.236 0 0 0
-0.031 -0.032 0.261 0 0 0
-0.038 0.042 0.275 0 0 0
-0.012 -0.054 0.293 0 0 0
-0.006 -0.001 0.234 0 0 0
-0.001 -0.054 0.233 0 0 0
0.047 0.053 0.248 0 0 0
0.008 0.018 0.28 0 0 0
0.021 -0.001 0.236 0 0 0
0.039 0.01 0.249 0 0 0

