-0.040 0.012 0.177 0 0 0

-0.018 0.028 0.184 0 0 0

-0.035 -0.015 0.186 0 0 0

-0.008 -0.019 0.209 0 0 0

0.025 -0.088 0.202 0 0 0

-0.033 -0.087 0.204 0 0 0

0.032 0.001 0.177 0 0 0

0.013 -0.066 0.217 0 0 0

-0.028 -0.115 0.213 0 0 0

0.039 -0.033 0.170 0 0 0

0.041 0.013 0.174 0 0 0

0.013 0.031 0.184 0 0 0

0.035 -0.015 0.189 0 0 0

0.007 -0.016 0.210 0 0 0

-0.022 -0.088 0.203 0 0 0

0.037 -0.077 0.211 0 0 0

-0.031 0.001 0.177 0 0 0

-0.015 -0.062 0.211 0 0 0

0.037 -0.109 0.218 0 0 0

-0.036 -0.038 0.166 0 0 0

0.024 -0.001 0.250 0 0 0

0.031 -0.021 0.267 0 0 0

0.032 0.033 0.271 0 0 0

0.015 -0.040 0.294 0 0 0

0.006 -0.006 0.246 0 0 0

-0.005 -0.045 0.243 0 0 0

-0.031 0.050 0.254 0 0 0

0.001 0.022 0.278 0 0 0

-0.009 -0.004 0.248 0 0 0

-0.021 0.019 0.264 0 0 0

-0.026 0.000 0.247 0 0 0

-0.027 -0.023 0.254 0 0 0

-0.034 0.047 0.268 0 0 0

-0.020 -0.044 0.285 0 0 0

-0.007 -0.001 0.241 0 0 0

0.003 -0.045 0.240 0 0 0

0.033 0.057 0.252 0 0 0

-0.003 0.023 0.275 0 0 0

0.005 -0.003 0.244 0 0 0

0.019 0.022 0.263 0 0 0