-0.043 0.007 0.170 0 0 0

-0.017 0.030 0.182 0 0 0

-0.036 -0.014 0.192 0 0 0

-0.004 -0.018 0.213 0 0 0

0.025 -0.083 0.196 0 0 0

-0.035 -0.087 0.206 0 0 0

0.034 0.008 0.175 0 0 0

0.012 -0.057 0.226 0 0 0

-0.036 -0.113 0.207 0 0 0

0.036 -0.040 0.167 0 0 0

0.041 0.016 0.175 0 0 0

0.014 0.032 0.186 0 0 0

0.036 -0.012 0.189 0 0 0

0.003 -0.013 0.211 0 0 0

-0.023 -0.088 0.203 0 0 0

0.036 -0.081 0.200 0 0 0

-0.034 0.006 0.172 0 0 0

-0.016 -0.059 0.219 0 0 0

0.037 -0.110 0.199 0 0 0

-0.037 -0.031 0.163 0 0 0

0.024 0.004 0.237 0 0 0

0.031 -0.020 0.255 0 0 0

0.030 0.039 0.263 0 0 0

0.011 -0.034 0.280 0 0 0

0.004 0.000 0.234 0 0 0

-0.004 -0.044 0.231 0 0 0

-0.034 0.057 0.251 0 0 0

0.000 0.019 0.269 0 0 0

-0.012 -0.001 0.236 0 0 0

-0.022 0.020 0.256 0 0 0
-0.027 0.002 0.242 0 0 0

-0.033 -0.022 0.252 0 0 0

-0.035 0.041 0.267 0 0 0

-0.022 -0.039 0.284 0 0 0

-0.009 -0.002 0.239 0 0 0

-0.003 -0.042 0.235 0 0 0

0.033 0.055 0.255 0 0 0

-0.008 0.016 0.276 0 0 0

0.008 -0.004 0.241 0 0 0

0.019 0.017 0.259 0 0 0