-0.044 0.021 0.171 0 0 0
-0.015 0.039 0.182 0 0 0
-0.041 -0.003 0.182 0 0 0
-0.013 -0.013 0.210 0 0 0
0.018 -0.083 0.203 0 0 0
-0.045 -0.069 0.204 0 0 0
0.031 0.003 0.175 0 0 0
0.011 -0.053 0.212 0 0 0
-0.039 -0.094 0.223 0 0 0
0.036 -0.038 0.161 0 0 0
0.045 0.018 0.172 0 0 0
0.016 0.038 0.184 0 0 0
0.041 -0.003 0.185 0 0 0
0.012 -0.014 0.214 0 0 0
-0.024 -0.083 0.208 0 0 0
0.037 -0.077 0.207 0 0 0
-0.034 0.007 0.174 0 0 0
-0.013 -0.054 0.218 0 0 0
0.030 -0.099 0.223 0 0 0
-0.036 -0.034 0.168 0 0 0
0.025 0.005 0.241 0 0 0
0.026 -0.018 0.256 0 0 0
0.026 0.041 0.263 0 0 0
-0.001 -0.035 0.281 0 0 0
0.006 0.006 0.231 0 0 0
0.003 -0.032 0.234 0 0 0
-0.038 0.057 0.247 0 0 0
-0.002 0.026 0.269 0 0 0
-0.010 0.004 0.233 0 0 0
-0.029 0.021 0.251 0 0 0
-0.025 0.001 0.255 0 0 0
-0.027 -0.017 0.269 0 0 0
-0.030 0.044 0.273 0 0 0
-0.006 -0.041 0.292 0 0 0
-0.008 -0.002 0.246 0 0 0
-0.005 -0.040 0.247 0 0 0
0.037 0.059 0.256 0 0 0
0.001 0.024 0.282 0 0 0
0.010 -0.003 0.248 0 0 0
0.029 0.024 0.263 0 0 0