-0.041 0.019 0.173 0 0 0

-0.016 0.040 0.179 0 0 0

-0.035 -0.002 0.182 0 0 0

-0.008 -0.019 0.211 0 0 0

0.024 -0.088 0.207 0 0 0

-0.033 -0.080 0.203 0 0 0

0.035 0.004 0.176 0 0 0

0.005 -0.061 0.226 0 0 0

-0.031 -0.109 0.217 0 0 0

0.039 -0.036 0.165 0 0 0

0.042 0.015 0.170 0 0 0

0.016 0.034 0.183 0 0 0

0.035 -0.009 0.184 0 0 0

0.012 -0.020 0.213 0 0 0

-0.023 -0.093 0.206 0 0 0

0.034 -0.081 0.204 0 0 0

-0.035 0.003 0.175 0 0 0

-0.010 -0.064 0.224 0 0 0

0.031 -0.108 0.217 0 0 0

-0.038 -0.034 0.171 0 0 0

0.025 0.003 0.258 0 0 0

0.028 -0.022 0.276 0 0 0

0.031 0.039 0.272 0 0 0

0.010 -0.039 0.291 0 0 0

0.007 0.000 0.250 0 0 0

0.004 -0.041 0.251 0 0 0

-0.034 0.058 0.255 0 0 0

-0.002 0.013 0.284 0 0 0

-0.008 -0.003 0.252 0 0 0

-0.023 0.019 0.268 0 0 0

-0.023 0.001 0.238 0 0 0

-0.027 -0.024 0.248 0 0 0

-0.031 0.035 0.257 0 0 0

-0.017 -0.039 0.270 0 0 0

0.001 0.000 0.232 0 0 0

0.002 -0.041 0.235 0 0 0

0.038 0.060 0.250 0 0 0

-0.001 0.016 0.270 0 0 0

0.017 0.000 0.241 0 0 0

0.028 0.019 0.252 0 0 0