-0.044 0.016 0.169 0 0 0

-0.019 0.034 0.182 0 0 0

-0.042 -0.008 0.175 0 0 0

-0.015 -0.005 0.204 0 0 0

0.020 -0.083 0.199 0 0 0

-0.044 -0.072 0.202 0 0 0

0.032 0.001 0.176 0 0 0

0.009 -0.048 0.210 0 0 0

-0.042 -0.099 0.222 0 0 0

0.035 -0.040 0.166 0 0 0

0.042 0.014 0.168 0 0 0

0.013 0.032 0.184 0 0 0

0.038 -0.005 0.181 0 0 0

0.009 -0.007 0.207 0 0 0

-0.027 -0.080 0.200 0 0 0

0.038 -0.075 0.212 0 0 0

-0.033 0.007 0.177 0 0 0

-0.016 -0.048 0.210 0 0 0
0.032 -0.104 0.225 0 0 0

-0.038 -0.033 0.165 0 0 0

0.031 0.001 0.240 0 0 0

0.032 -0.021 0.260 0 0 0

0.032 0.043 0.260 0 0 0

0.004 -0.034 0.278 0 0 0

0.012 0.000 0.234 0 0 0

0.011 -0.040 0.240 0 0 0

-0.036 0.059 0.249 0 0 0

0.004 0.020 0.268 0 0 0

-0.004 -0.001 0.234 0 0 0

-0.023 0.019 0.254 0 0 0

-0.026 -0.002 0.244 0 0 0

-0.027 -0.025 0.255 0 0 0

-0.035 0.038 0.261 0 0 0

-0.009 -0.042 0.283 0 0 0

-0.008 -0.003 0.239 0 0 0

0.001 -0.042 0.243 0 0 0

0.036 0.054 0.247 0 0 0

-0.002 0.022 0.272 0 0 0

0.007 -0.003 0.240 0 0 0

0.024 0.019 0.257 0 0 0