-0.041 0.013 0.172 0 0 0
-0.012 0.028 0.186 0 0 0
-0.036 -0.013 0.186 0 0 0
-0.009 -0.010 0.207 0 0 0
0.024 -0.088 0.206 0 0 0
-0.035 -0.082 0.208 0 0 0
0.037 0.005 0.176 0 0 0
0.014 -0.063 0.221 0 0 0
-0.027 -0.105 0.220 0 0 0
0.037 -0.040 0.167 0 0 0
0.041 0.019 0.174 0 0 0
0.009 0.033 0.184 0 0 0
0.039 -0.005 0.182 0 0 0
0.014 -0.020 0.213 0 0 0
-0.019 -0.091 0.205 0 0 0
0.041 -0.081 0.211 0 0 0
-0.033 -0.003 0.179 0 0 0
-0.013 -0.063 0.214 0 0 0
0.032 -0.103 0.226 0 0 0
-0.033 -0.044 0.166 0 0 0
0.031 0.006 0.243 0 0 0
0.032 -0.014 0.258 0 0 0
0.034 0.045 0.266 0 0 0
0.010 -0.026 0.282 0 0 0
0.014 0.005 0.236 0 0 0
0.008 -0.030 0.238 0 0 0
-0.031 0.057 0.250 0 0 0
0.006 0.023 0.270 0 0 0
-0.005 0.003 0.236 0 0 0
-0.020 0.022 0.256 0 0 0
-0.020 0.004 0.246 0 0 0
-0.022 -0.019 0.260 0 0 0
-0.029 0.041 0.268 0 0 0
0.004 -0.031 0.284 0 0 0
-0.004 0.003 0.240 0 0 0
0.002 -0.033 0.242 0 0 0
0.036 0.060 0.252 0 0 0
0.001 0.022 0.275 0 0 0
0.018 0.000 0.243 0 0 0
0.031 0.023 0.257 0 0 0