-0.049 0.022 0.168 0 0 0

-0.017 0.043 0.186 0 0 0

-0.043 -0.007 0.187 0 0 0

-0.015 -0.005 0.214 0 0 0

0.023 -0.075 0.196 0 0 0

-0.045 -0.078 0.201 0 0 0

0.036 0.011 0.178 0 0 0

0.014 -0.045 0.209 0 0 0

-0.041 -0.100 0.215 0 0 0

0.035 -0.034 0.175 0 0 0

0.053 0.026 0.170 0 0 0

0.021 0.047 0.184 0 0 0

0.048 -0.007 0.182 0 0 0

0.017 0.008 0.204 0 0 0

-0.025 -0.072 0.195 0 0 0

0.049 -0.070 0.199 0 0 0

-0.030 0.012 0.181 0 0 0

-0.003 -0.047 0.218 0 0 0

0.048 -0.099 0.219 0 0 0

-0.041 -0.016 0.167 0 0 0

0.031 0.001 0.246 0 0 0

0.032 -0.023 0.262 0 0 0

0.033 0.037 0.265 0 0 0

0.003 -0.033 0.286 0 0 0

0.010 -0.001 0.233 0 0 0

0.006 -0.038 0.234 0 0 0

-0.036 0.053 0.244 0 0 0

-0.003 0.023 0.272 0 0 0

-0.011 -0.003 0.235 0 0 0

-0.024 0.017 0.257 0 0 0

-0.035 0.003 0.243 0 0 0

-0.035 -0.014 0.255 0 0 0

-0.036 0.045 0.264 0 0 0
-0.010 -0.031 0.283 0 0 0

-0.010 -0.002 0.230 0 0 0

-0.005 -0.039 0.230 0 0 0

0.038 0.060 0.247 0 0 0

0.000 0.024 0.270 0 0 0

0.007 -0.005 0.232 0 0 0

0.025 0.020 0.249 0 0 0