-0.042 0.028 0.178 0 0 0

-0.011 0.045 0.183 0 0 0

-0.034 -0.001 0.194 0 0 0

0.000 -0.009 0.213 0 0 0

0.026 -0.075 0.197 0 0 0

-0.033 -0.070 0.215 0 0 0

0.041 0.013 0.174 0 0 0

0.015 -0.049 0.221 0 0 0

-0.023 -0.102 0.222 0 0 0

0.040 -0.031 0.166 0 0 0

0.043 0.034 0.181 0 0 0

0.013 0.049 0.185 0 0 0

0.039 0.001 0.192 0 0 0

0.010 0.000 0.215 0 0 0

-0.022 -0.074 0.197 0 0 0

0.037 -0.071 0.218 0 0 0

-0.037 0.012 0.175 0 0 0

-0.016 -0.044 0.211 0 0 0

0.029 -0.102 0.228 0 0 0

-0.036 -0.032 0.161 0 0 0

0.024 -0.007 0.243 0 0 0

0.027 -0.033 0.267 0 0 0

0.030 0.030 0.265 0 0 0

0.012 -0.051 0.283 0 0 0

0.005 -0.005 0.236 0 0 0

0.000 -0.050 0.239 0 0 0

-0.035 0.056 0.251 0 0 0

-0.003 0.014 0.271 0 0 0

-0.011 -0.006 0.240 0 0 0

-0.024 0.015 0.255 0 0 0

-0.028 -0.005 0.243 0 0 0

-0.029 -0.030 0.252 0 0 0

-0.038 0.031 0.263 0 0 0

-0.022 -0.050 0.278 0 0 0

-0.008 -0.008 0.236 0 0 0

0.000 -0.053 0.240 0 0 0

0.033 0.055 0.252 0 0 0

-0.007 0.013 0.270 0 0 0

0.010 -0.009 0.242 0 0 0

0.020 0.015 0.253 0 0 0