-0.043 0.025 0.168 0 0 0

-0.014 0.040 0.182 0 0 0

-0.035 -0.003 0.180 0 0 0

-0.007 -0.005 0.206 0 0 0

0.030 -0.077 0.189 0 0 0

-0.037 -0.070 0.203 0 0 0

0.035 0.015 0.176 0 0 0

0.015 -0.041 0.210 0 0 0

-0.034 -0.095 0.213 0 0 0

0.041 -0.027 0.163 0 0 0

0.045 0.027 0.165 0 0 0

0.012 0.039 0.182 0 0 0

0.040 -0.004 0.179 0 0 0

0.009 -0.003 0.203 0 0 0

-0.023 -0.073 0.194 0 0 0

0.043 -0.071 0.199 0 0 0

-0.029 0.013 0.178 0 0 0

-0.005 -0.044 0.213 0 0 0

0.037 -0.094 0.214 0 0 0

-0.034 -0.026 0.169 0 0 0

0.027 0.003 0.254 0 0 0

0.030 -0.021 0.273 0 0 0

0.033 0.046 0.272 0 0 0

0.002 -0.040 0.297 0 0 0

0.010 0.001 0.247 0 0 0

0.003 -0.046 0.250 0 0 0

-0.037 0.061 0.254 0 0 0

0.001 0.030 0.278 0 0 0

-0.009 0.001 0.249 0 0 0

-0.020 0.023 0.262 0 0 0

-0.028 0.002 0.249 0 0 0

-0.029 -0.020 0.260 0 0 0

-0.031 0.045 0.265 0 0 0

-0.016 -0.040 0.285 0 0 0

-0.010 -0.001 0.240 0 0 0

0.004 -0.041 0.240 0 0 0

0.037 0.058 0.248 0 0 0

0.002 0.024 0.274 0 0 0

0.005 -0.004 0.242 0 0 0

0.023 0.021 0.256 0 0 0