-0.048 0.026 0.172 0 0 0
-0.016 0.042 0.188 0 0 0
-0.044 0.004 0.182 0 0 0
-0.020 -0.002 0.211 0 0 0
0.019 -0.082 0.203 0 0 0
-0.051 -0.066 0.205 0 0 0
0.037 0.006 0.177 0 0 0
0.006 -0.051 0.221 0 0 0
-0.048 -0.095 0.220 0 0 0
0.034 -0.038 0.168 0 0 0
0.048 0.024 0.168 0 0 0
0.018 0.043 0.186 0 0 0
0.043 -0.001 0.182 0 0 0
0.020 -0.009 0.209 0 0 0
-0.020 -0.073 0.203 0 0 0
0.036 -0.077 0.208 0 0 0
-0.040 0.003 0.175 0 0 0
-0.008 -0.046 0.211 0 0 0
0.039 -0.102 0.216 0 0 0
-0.036 -0.038 0.171 0 0 0
0.020 -0.004 0.241 0 0 0
0.028 -0.022 0.260 0 0 0
0.031 0.035 0.271 0 0 0
0.008 -0.048 0.289 0 0 0
-0.004 -0.004 0.236 0 0 0
-0.010 -0.050 0.237 0 0 0
-0.042 0.060 0.247 0 0 0
-0.010 0.021 0.274 0 0 0
-0.021 -0.002 0.242 0 0 0
-0.031 0.022 0.258 0 0 0
-0.023 0.000 0.242 0 0 0
-0.028 -0.019 0.254 0 0 0
-0.034 0.045 0.271 0 0 0
-0.014 -0.042 0.289 0 0 0
0.000 -0.003 0.238 0 0 0
0.003 -0.047 0.238 0 0 0
0.040 0.062 0.254 0 0 0
0.005 0.027 0.275 0 0 0
0.015 -0.004 0.242 0 0 0
0.029 0.028 0.262 0 0 0