-0.040 0.029 0.172 0 0 0

-0.013 0.045 0.181 0 0 0

-0.038 0.008 0.185 0 0 0

-0.014 -0.003 0.209 0 0 0

0.025 -0.078 0.197 0 0 0

-0.039 -0.076 0.212 0 0 0

0.035 0.009 0.175 0 0 0

0.015 -0.055 0.213 0 0 0

-0.034 -0.100 0.224 0 0 0

0.033 -0.037 0.166 0 0 0

0.042 0.028 0.173 0 0 0

0.013 0.045 0.182 0 0 0

0.038 0.005 0.188 0 0 0

0.014 -0.011 0.213 0 0 0

-0.024 -0.074 0.195 0 0 0

0.041 -0.076 0.210 0 0 0

-0.035 0.014 0.175 0 0 0

-0.016 -0.054 0.207 0 0 0

0.034 -0.103 0.219 0 0 0

-0.035 -0.026 0.167 0 0 0

0.032 0.003 0.251 0 0 0

0.031 -0.019 0.266 0 0 0

0.036 0.041 0.271 0 0 0

0.010 -0.039 0.289 0 0 0

0.016 0.000 0.241 0 0 0

0.006 -0.039 0.240 0 0 0

-0.032 0.059 0.252 0 0 0

0.002 0.017 0.276 0 0 0

0.001 -0.001 0.238 0 0 0

-0.017 0.020 0.256 0 0 0

-0.030 0.003 0.251 0 0 0

-0.030 -0.018 0.262 0 0 0

-0.032 0.046 0.271 0 0 0

-0.015 -0.039 0.286 0 0 0

-0.014 0.000 0.242 0 0 0

-0.004 -0.037 0.242 0 0 0

0.031 0.059 0.252 0 0 0

-0.002 0.019 0.276 0 0 0

0.003 0.002 0.240 0 0 0

0.018 0.024 0.256 0 0 0