-0.041 0.010 0.178 0 0 0

-0.015 0.032 0.182 0 0 0

-0.031 -0.014 0.195 0 0 0

0.001 -0.024 0.217 0 0 0

0.026 -0.086 0.202 0 0 0

-0.031 -0.083 0.217 0 0 0

0.036 0.008 0.171 0 0 0

0.020 -0.064 0.216 0 0 0

-0.029 -0.109 0.217 0 0 0

0.037 -0.036 0.162 0 0 0

0.041 0.017 0.171 0 0 0

0.014 0.034 0.181 0 0 0

0.036 -0.006 0.190 0 0 0

0.006 -0.022 0.217 0 0 0

-0.026 -0.088 0.197 0 0 0

0.035 -0.083 0.212 0 0 0

-0.036 0.004 0.177 0 0 0

-0.015 -0.062 0.218 0 0 0

0.031 -0.106 0.222 0 0 0

-0.035 -0.043 0.166 0 0 0

0.013 0.006 0.246 0 0 0

0.020 -0.020 0.262 0 0 0

0.030 0.042 0.262 0 0 0

0.008 -0.033 0.284 0 0 0

-0.004 0.005 0.242 0 0 0

-0.011 -0.039 0.245 0 0 0

-0.037 0.065 0.251 0 0 0

-0.007 0.025 0.273 0 0 0

-0.014 0.007 0.243 0 0 0

-0.027 0.028 0.258 0 0 0

-0.014 0.006 0.248 0 0 0

-0.017 -0.021 0.260 0 0 0

-0.025 0.042 0.268 0 0 0

-0.009 -0.033 0.284 0 0 0

0.002 0.005 0.241 0 0 0

0.008 -0.039 0.246 0 0 0

0.039 0.068 0.255 0 0 0

0.003 0.027 0.273 0 0 0

0.019 0.005 0.245 0 0 0

0.029 0.026 0.260 0 0 0