-0.048 0.018 0.175 0 0 0

-0.021 0.038 0.184 0 0 0

-0.036 -0.010 0.190 0 0 0

-0.009 -0.014 0.212 0 0 0

0.024 -0.086 0.188 0 0 0

-0.037 -0.071 0.206 0 0 0

0.035 0.006 0.173 0 0 0

0.018 -0.054 0.209 0 0 0

-0.039 -0.099 0.217 0 0 0

0.043 -0.042 0.159 0 0 0

0.045 0.016 0.158 0 0 0

0.014 0.036 0.172 0 0 0

0.038 -0.013 0.171 0 0 0

0.016 -0.019 0.193 0 0 0

-0.024 -0.079 0.175 0 0 0

0.040 -0.077 0.183 0 0 0

-0.042 0.007 0.164 0 0 0

-0.012 -0.053 0.195 0 0 0

0.038 -0.103 0.201 0 0 0

-0.047 -0.032 0.154 0 0 0

0.034 0.000 0.251 0 0 0

0.032 -0.025 0.267 0 0 0

0.033 0.038 0.270 0 0 0

0.003 -0.053 0.295 0 0 0

0.011 -0.008 0.239 0 0 0

0.008 -0.054 0.243 0 0 0

-0.038 0.054 0.249 0 0 0

0.001 0.016 0.280 0 0 0

-0.009 -0.008 0.240 0 0 0

-0.022 0.014 0.261 0 0 0

-0.027 -0.011 0.248 0 0 0

-0.032 -0.032 0.266 0 0 0

-0.035 0.027 0.274 0 0 0

-0.010 -0.049 0.295 0 0 0

-0.008 -0.014 0.243 0 0 0

-0.003 -0.052 0.242 0 0 0

0.038 0.050 0.254 0 0 0

0.001 0.010 0.282 0 0 0

0.010 -0.013 0.245 0 0 0

0.028 0.015 0.260 0 0 0