-0.045 0.027 0.173 0 0 0

-0.015 0.045 0.184 0 0 0

-0.042 -0.003 0.180 0 0 0

-0.010 0.003 0.200 0 0 0

0.026 -0.079 0.193 0 0 0

-0.040 -0.084 0.204 0 0 0

0.033 0.004 0.176 0 0 0

0.009 -0.051 0.214 0 0 0

-0.031 -0.111 0.210 0 0 0

0.040 -0.029 0.164 0 0 0

0.045 0.026 0.171 0 0 0

0.014 0.049 0.181 0 0 0

0.043 -0.004 0.176 0 0 0

0.005 -0.003 0.202 0 0 0

-0.024 -0.073 0.192 0 0 0

0.042 -0.082 0.206 0 0 0

-0.035 0.009 0.175 0 0 0

-0.014 -0.051 0.208 0 0 0

0.038 -0.108 0.215 0 0 0

-0.038 -0.028 0.164 0 0 0

0.015 0.002 0.237 0 0 0

0.025 -0.016 0.253 0 0 0

0.028 0.040 0.262 0 0 0

0.006 -0.032 0.282 0 0 0

0.000 0.004 0.233 0 0 0

-0.002 -0.036 0.238 0 0 0

-0.039 0.063 0.251 0 0 0

-0.006 0.026 0.271 0 0 0

-0.015 0.005 0.238 0 0 0

-0.030 0.027 0.260 0 0 0

-0.022 0.002 0.247 0 0 0

-0.026 -0.017 0.258 0 0 0

-0.029 0.046 0.270 0 0 0

-0.016 -0.032 0.287 0 0 0

-0.003 0.001 0.242 0 0 0

0.003 -0.036 0.242 0 0 0

0.042 0.065 0.253 0 0 0

0.003 0.029 0.278 0 0 0

0.014 0.002 0.246 0 0 0

0.030 0.026 0.261 0 0 0