-0.043 0.032 0.168 0 0 0

-0.011 0.046 0.185 0 0 0

-0.042 0.004 0.178 0 0 0

-0.008 -0.002 0.207 0 0 0

0.022 -0.077 0.202 0 0 0

-0.046 -0.075 0.202 0 0 0

0.037 0.014 0.177 0 0 0

0.008 -0.048 0.213 0 0 0

-0.039 -0.101 0.219 0 0 0

0.042 -0.035 0.168 0 0 0

0.046 0.034 0.166 0 0 0

0.015 0.049 0.182 0 0 0

0.044 0.005 0.179 0 0 0

0.016 0.004 0.204 0 0 0

-0.022 -0.081 0.200 0 0 0

0.045 -0.071 0.209 0 0 0

-0.036 0.005 0.177 0 0 0

-0.012 -0.045 0.211 0 0 0

0.042 -0.095 0.230 0 0 0

-0.042 -0.036 0.161 0 0 0

0.015 0.001 0.241 0 0 0

0.023 -0.018 0.262 0 0 0

0.027 0.042 0.269 0 0 0

0.003 -0.039 0.289 0 0 0

-0.002 0.001 0.236 0 0 0

-0.005 -0.038 0.238 0 0 0

-0.044 0.065 0.250 0 0 0

-0.012 0.027 0.276 0 0 0

-0.019 0.001 0.239 0 0 0

-0.031 0.026 0.257 0 0 0

-0.028 0.002 0.253 0 0 0

-0.029 -0.018 0.268 0 0 0

-0.032 0.049 0.276 0 0 0

-0.009 -0.033 0.294 0 0 0

-0.005 0.003 0.242 0 0 0

-0.002 -0.036 0.248 0 0 0

0.041 0.068 0.254 0 0 0

0.006 0.026 0.279 0 0 0

0.014 0.002 0.245 0 0 0

0.030 0.027 0.261 0 0 0