-0.040 0.017 0.178 0 0 0

-0.015 0.033 0.187 0 0 0

-0.033 -0.010 0.194 0 0 0

-0.001 -0.010 0.212 0 0 0

0.027 -0.086 0.202 0 0 0

-0.037 -0.079 0.206 0 0 0

0.038 0.003 0.174 0 0 0

0.016 -0.064 0.226 0 0 0

-0.035 -0.109 0.210 0 0 0

0.038 -0.033 0.169 0 0 0

0.043 0.020 0.173 0 0 0

0.015 0.040 0.179 0 0 0

0.036 -0.009 0.185 0 0 0

0.010 -0.005 0.209 0 0 0

-0.023 -0.085 0.209 0 0 0

0.039 -0.079 0.202 0 0 0

-0.035 0.005 0.175 0 0 0

-0.008 -0.058 0.221 0 0 0

0.041 -0.109 0.213 0 0 0

-0.038 -0.033 0.171 0 0 0

0.015 0.004 0.243 0 0 0

0.022 -0.022 0.260 0 0 0

0.026 0.035 0.265 0 0 0

0.004 -0.029 0.286 0 0 0

-0.004 0.000 0.241 0 0 0

-0.005 -0.035 0.243 0 0 0

-0.041 0.063 0.251 0 0 0

-0.007 0.023 0.274 0 0 0

-0.020 0.001 0.243 0 0 0

-0.031 0.024 0.259 0 0 0

-0.026 0.000 0.244 0 0 0

-0.029 -0.021 0.256 0 0 0

-0.033 0.041 0.263 0 0 0

-0.019 -0.036 0.281 0 0 0

-0.009 -0.003 0.239 0 0 0

-0.003 -0.041 0.241 0 0 0

0.034 0.059 0.254 0 0 0

-0.004 0.019 0.270 0 0 0

0.010 0.000 0.241 0 0 0

0.022 0.019 0.255 0 0 0