-0.033 0.027 0.184 0 0 0

-0.008 0.042 0.192 0 0 0

-0.029 -0.003 0.197 0 0 0

0.003 -0.011 0.218 0 0 0

0.036 -0.077 0.198 0 0 0

-0.033 -0.076 0.210 0 0 0

0.040 0.014 0.175 0 0 0

0.031 -0.053 0.217 0 0 0

-0.024 -0.114 0.211 0 0 0

0.044 -0.030 0.159 0 0 0

0.038 0.034 0.184 0 0 0

0.009 0.041 0.194 0 0 0

0.034 -0.003 0.195 0 0 0

0.002 -0.004 0.218 0 0 0

-0.034 -0.090 0.189 0 0 0

0.035 -0.077 0.210 0 0 0

-0.038 0.012 0.176 0 0 0

-0.035 -0.053 0.212 0 0 0

0.027 -0.112 0.216 0 0 0

-0.042 -0.028 0.161 0 0 0

0.017 0.000 0.251 0 0 0

0.032 -0.022 0.273 0 0 0

0.033 0.041 0.280 0 0 0

0.014 -0.039 0.305 0 0 0

0.001 -0.002 0.249 0 0 0

-0.007 -0.041 0.241 0 0 0

-0.038 0.060 0.258 0 0 0

-0.003 0.032 0.290 0 0 0

-0.016 -0.003 0.254 0 0 0

-0.028 0.026 0.275 0 0 0

-0.036 0.002 0.259 0 0 0

-0.041 -0.020 0.269 0 0 0

-0.046 0.050 0.279 0 0 0

-0.028 -0.039 0.304 0 0 0

-0.016 0.000 0.256 0 0 0

-0.007 -0.047 0.245 0 0 0

0.027 0.058 0.266 0 0 0

-0.015 0.029 0.295 0 0 0

0.003 0.001 0.257 0 0 0

0.015 0.021 0.280 0 0 0