-0.043 0.024 0.167 0 0 0

-0.013 0.046 0.177 0 0 0

-0.040 -0.004 0.179 0 0 0

-0.006 -0.012 0.206 0 0 0

0.022 -0.081 0.192 0 0 0

-0.041 -0.082 0.195 0 0 0

0.040 0.008 0.168 0 0 0

0.005 -0.048 0.218 0 0 0

-0.030 -0.109 0.215 0 0 0

0.039 -0.036 0.160 0 0 0

0.046 0.023 0.174 0 0 0

0.022 0.046 0.188 0 0 0

0.043 -0.009 0.184 0 0 0

0.011 -0.007 0.212 0 0 0

-0.023 -0.081 0.206 0 0 0

0.038 -0.082 0.199 0 0 0

-0.034 0.010 0.177 0 0 0

-0.007 -0.046 0.222 0 0 0

0.035 -0.110 0.223 0 0 0

-0.038 -0.031 0.167 0 0 0

0.019 -0.010 0.249 0 0 0

0.025 -0.035 0.265 0 0 0

0.030 0.027 0.269 0 0 0

0.006 -0.055 0.293 0 0 0

0.001 -0.011 0.242 0 0 0

0.002 -0.054 0.243 0 0 0

-0.037 0.053 0.249 0 0 0

-0.008 0.010 0.279 0 0 0

-0.016 -0.011 0.245 0 0 0

-0.028 0.012 0.259 0 0 0

-0.034 0.000 0.251 0 0 0

-0.035 -0.023 0.259 0 0 0

-0.043 0.043 0.271 0 0 0

-0.027 -0.048 0.293 0 0 0

-0.015 -0.004 0.249 0 0 0

-0.009 -0.048 0.248 0 0 0

0.029 0.059 0.256 0 0 0

-0.004 0.028 0.280 0 0 0

0.001 -0.004 0.252 0 0 0

0.015 0.022 0.266 0 0 0