-0.044 0.026 0.172 0 0 0

-0.013 0.041 0.182 0 0 0

-0.039 0.001 0.185 0 0 0

-0.014 -0.017 0.213 0 0 0

0.026 -0.075 0.193 0 0 0

-0.037 -0.077 0.210 0 0 0

0.043 0.007 0.172 0 0 0

0.015 -0.048 0.213 0 0 0

-0.029 -0.110 0.219 0 0 0

0.036 -0.039 0.168 0 0 0

0.051 0.020 0.176 0 0 0

0.024 0.041 0.184 0 0 0

0.043 -0.005 0.191 0 0 0

0.017 -0.012 0.213 0 0 0

-0.026 -0.078 0.192 0 0 0

0.042 -0.073 0.205 0 0 0

-0.034 0.007 0.173 0 0 0

-0.011 -0.043 0.214 0 0 0

0.037 -0.102 0.221 0 0 0

-0.033 -0.031 0.166 0 0 0

0.026 -0.001 0.245 0 0 0

0.031 -0.032 0.263 0 0 0

0.031 0.034 0.271 0 0 0

0.014 -0.048 0.294 0 0 0

0.014 -0.003 0.238 0 0 0

0.000 -0.051 0.237 0 0 0

-0.036 0.051 0.251 0 0 0

-0.002 0.014 0.278 0 0 0

-0.006 -0.004 0.239 0 0 0

-0.022 0.016 0.258 0 0 0

-0.034 -0.001 0.256 0 0 0

-0.037 -0.030 0.271 0 0 0

-0.041 0.044 0.273 0 0 0

-0.024 -0.046 0.297 0 0 0

-0.015 -0.003 0.247 0 0 0

-0.009 -0.052 0.245 0 0 0

0.032 0.047 0.254 0 0 0

-0.008 0.019 0.285 0 0 0

0.001 -0.005 0.249 0 0 0

0.015 0.013 0.266 0 0 0