-0.045 0.021 0.179 0 0 0

-0.016 0.043 0.185 0 0 0

-0.040 0.000 0.184 0 0 0

-0.012 0.010 0.205 0 0 0

0.029 -0.079 0.193 0 0 0

-0.037 -0.068 0.211 0 0 0

0.037 0.016 0.175 0 0 0

0.025 -0.045 0.207 0 0 0

-0.035 -0.094 0.227 0 0 0

0.041 -0.035 0.161 0 0 0

0.048 0.023 0.177 0 0 0

0.013 0.043 0.186 0 0 0

0.041 0.004 0.185 0 0 0

0.004 0.009 0.205 0 0 0

-0.026 -0.075 0.205 0 0 0

0.043 -0.063 0.205 0 0 0

-0.034 0.017 0.178 0 0 0

-0.018 -0.046 0.213 0 0 0

0.039 -0.094 0.211 0 0 0

-0.043 -0.030 0.167 0 0 0

0.018 0.004 0.249 0 0 0

0.023 -0.021 0.271 0 0 0

0.025 0.043 0.271 0 0 0

-0.004 -0.042 0.289 0 0 0

0.000 -0.001 0.240 0 0 0

0.001 -0.041 0.244 0 0 0

-0.043 0.065 0.254 0 0 0

-0.007 0.022 0.278 0 0 0

-0.018 0.000 0.244 0 0 0

-0.032 0.025 0.263 0 0 0

-0.024 0.002 0.256 0 0 0

-0.029 -0.014 0.271 0 0 0

-0.036 0.043 0.274 0 0 0

-0.003 -0.031 0.297 0 0 0

-0.004 -0.001 0.249 0 0 0

-0.001 -0.035 0.248 0 0 0

0.042 0.062 0.252 0 0 0

0.006 0.030 0.283 0 0 0

0.014 -0.003 0.251 0 0 0

0.027 0.025 0.268 0 0 0