-0.041 0.028 0.184 0 0 0

-0.015 0.042 0.190 0 0 0

-0.035 -0.002 0.201 0 0 0

-0.004 -0.006 0.223 0 0 0

0.028 -0.075 0.200 0 0 0

-0.034 -0.078 0.224 0 0 0

0.036 0.024 0.176 0 0 0

0.020 -0.052 0.224 0 0 0

-0.027 -0.103 0.234 0 0 0

0.039 -0.033 0.164 0 0 0

0.043 0.028 0.187 0 0 0

0.017 0.043 0.193 0 0 0

0.036 0.003 0.205 0 0 0

0.011 0.001 0.223 0 0 0

-0.028 -0.083 0.207 0 0 0

0.037 -0.072 0.225 0 0 0

-0.041 0.020 0.173 0 0 0

-0.021 -0.052 0.224 0 0 0

0.036 -0.103 0.237 0 0 0

-0.039 -0.026 0.163 0 0 0

0.014 -0.006 0.243 0 0 0

0.023 -0.031 0.266 0 0 0

0.025 0.031 0.269 0 0 0

0.009 -0.051 0.289 0 0 0

-0.005 -0.006 0.239 0 0 0

-0.011 -0.059 0.241 0 0 0

-0.046 0.060 0.249 0 0 0

-0.014 0.013 0.278 0 0 0

-0.023 -0.008 0.243 0 0 0

-0.034 0.016 0.261 0 0 0

-0.024 -0.008 0.246 0 0 0

-0.030 -0.033 0.261 0 0 0

-0.030 0.035 0.270 0 0 0

-0.015 -0.054 0.289 0 0 0

-0.004 -0.010 0.238 0 0 0

-0.004 -0.059 0.243 0 0 0

0.044 0.056 0.252 0 0 0

0.001 0.020 0.276 0 0 0

0.019 -0.009 0.242 0 0 0

0.030 0.019 0.257 0 0 0