-0.043 0.025 0.178 0 0 0

-0.014 0.044 0.185 0 0 0

-0.038 -0.002 0.191 0 0 0

-0.009 -0.001 0.211 0 0 0

0.030 -0.073 0.200 0 0 0

-0.033 -0.083 0.216 0 0 0

0.042 0.022 0.174 0 0 0

0.017 -0.051 0.222 0 0 0

-0.021 -0.115 0.223 0 0 0

0.039 -0.024 0.170 0 0 0

0.047 0.025 0.176 0 0 0

0.016 0.045 0.186 0 0 0

0.043 -0.001 0.187 0 0 0

0.015 0.003 0.210 0 0 0

-0.025 -0.082 0.208 0 0 0

0.040 -0.078 0.213 0 0 0

-0.040 0.021 0.177 0 0 0

-0.010 -0.051 0.228 0 0 0

0.032 -0.111 0.221 0 0 0

-0.038 -0.029 0.172 0 0 0

0.020 -0.004 0.239 0 0 0

0.030 -0.027 0.258 0 0 0

0.029 0.035 0.269 0 0 0

0.009 -0.040 0.286 0 0 0

0.002 -0.006 0.236 0 0 0

0.001 -0.048 0.235 0 0 0

-0.043 0.057 0.247 0 0 0

-0.005 0.022 0.273 0 0 0

-0.014 -0.007 0.240 0 0 0

-0.029 0.018 0.258 0 0 0

-0.024 -0.006 0.244 0 0 0

-0.031 -0.025 0.260 0 0 0

-0.032 0.036 0.271 0 0 0

-0.015 -0.042 0.290 0 0 0

-0.006 -0.010 0.240 0 0 0

-0.004 -0.054 0.241 0 0 0

0.041 0.057 0.256 0 0 0

-0.003 0.022 0.278 0 0 0

0.014 -0.009 0.245 0 0 0

0.027 0.020 0.263 0 0 0