-0.044 0.024 0.174 0 0 0
-0.009 0.039 0.187 0 0 0
-0.038 -0.002 0.187 0 0 0
-0.004 0.000 0.211 0 0 0
0.032 -0.085 0.202 0 0 0
-0.033 -0.076 0.203 0 0 0
0.043 0.011 0.175 0 0 0
0.021 -0.052 0.216 0 0 0
-0.022 -0.108 0.207 0 0 0
0.045 -0.032 0.165 0 0 0
0.043 0.028 0.169 0 0 0
0.011 0.047 0.188 0 0 0
0.039 0.004 0.183 0 0 0
0.012 0.008 0.210 0 0 0
-0.023 -0.082 0.207 0 0 0
0.045 -0.075 0.206 0 0 0
-0.037 0.008 0.180 0 0 0
-0.007 -0.048 0.224 0 0 0
0.040 -0.104 0.220 0 0 0
-0.040 -0.036 0.167 0 0 0
0.020 -0.007 0.246 0 0 0
0.027 -0.020 0.270 0 0 0
0.029 0.043 0.277 0 0 0
-0.006 -0.047 0.298 0 0 0
0.002 -0.008 0.239 0 0 0
-0.002 -0.050 0.240 0 0 0
-0.044 0.055 0.246 0 0 0
-0.009 0.017 0.279 0 0 0
-0.019 -0.009 0.241 0 0 0
-0.035 0.016 0.255 0 0 0
-0.024 -0.004 0.247 0 0 0
-0.033 -0.023 0.268 0 0 0
-0.034 0.044 0.273 0 0 0
-0.008 -0.052 0.296 0 0 0
-0.007 -0.008 0.242 0 0 0
-0.009 -0.049 0.243 0 0 0
0.042 0.060 0.253 0 0 0
0.006 0.012 0.283 0 0 0
0.018 -0.007 0.245 0 0 0
0.030 0.014 0.262 0 0 0