-0.038 0.025 0.179 0 0 0

-0.013 0.046 0.185 0 0 0

-0.031 -0.007 0.193 0 0 0

-0.002 -0.010 0.219 0 0 0

0.027 -0.085 0.196 0 0 0

-0.035 -0.072 0.212 0 0 0

0.038 0.015 0.180 0 0 0

0.018 -0.055 0.223 0 0 0

-0.031 -0.104 0.222 0 0 0

0.042 -0.026 0.164 0 0 0

0.041 0.023 0.175 0 0 0

0.010 0.048 0.187 0 0 0

0.033 -0.012 0.191 0 0 0

0.002 -0.010 0.219 0 0 0

-0.027 -0.076 0.201 0 0 0
0.038 -0.075 0.213 0 0 0

-0.038 0.018 0.177 0 0 0

-0.017 -0.052 0.220 0 0 0

0.029 -0.107 0.224 0 0 0

-0.040 -0.027 0.170 0 0 0

0.022 -0.005 0.248 0 0 0

0.026 -0.034 0.264 0 0 0

0.031 0.037 0.272 0 0 0

0.007 -0.048 0.290 0 0 0

0.005 -0.009 0.243 0 0 0

0.000 -0.051 0.245 0 0 0

-0.041 0.061 0.254 0 0 0

-0.004 0.019 0.277 0 0 0

-0.011 -0.009 0.245 0 0 0

-0.028 0.018 0.262 0 0 0

-0.029 -0.006 0.251 0 0 0

-0.036 -0.033 0.269 0 0 0

-0.040 0.035 0.272 0 0 0

-0.022 -0.051 0.288 0 0 0

-0.009 -0.008 0.246 0 0 0

-0.005 -0.055 0.246 0 0 0

0.036 0.051 0.253 0 0 0

0.001 0.014 0.282 0 0 0

0.008 -0.009 0.250 0 0 0

0.022 0.015 0.264 0 0 0