-0.052 0.027 0.172 0 0 0

-0.025 0.050 0.182 0 0 0

-0.044 -0.002 0.187 0 0 0

-0.017 -0.005 0.213 0 0 0

0.020 -0.082 0.215 0 0 0

-0.042 -0.077 0.202 0 0 0

0.030 0.025 0.180 0 0 0

0.005 -0.058 0.228 0 0 0

-0.036 -0.105 0.218 0 0 0

0.039 -0.023 0.171 0 0 0

0.052 0.028 0.179 0 0 0

0.026 0.050 0.186 0 0 0

0.045 0.000 0.193 0 0 0

0.018 -0.012 0.218 0 0 0

-0.019 -0.083 0.208 0 0 0

0.045 -0.074 0.203 0 0 0

-0.027 0.021 0.178 0 0 0

-0.004 -0.053 0.221 0 0 0

0.042 -0.107 0.219 0 0 0

-0.034 -0.021 0.166 0 0 0

0.017 -0.005 0.256 0 0 0

0.025 -0.030 0.276 0 0 0

0.027 0.035 0.273 0 0 0

0.008 -0.050 0.295 0 0 0

0.000 -0.007 0.251 0 0 0

-0.009 -0.049 0.251 0 0 0

-0.040 0.061 0.253 0 0 0

-0.005 0.019 0.285 0 0 0

-0.016 -0.008 0.254 0 0 0

-0.030 0.017 0.270 0 0 0

-0.028 -0.006 0.257 0 0 0

-0.031 -0.030 0.269 0 0 0

-0.035 0.036 0.272 0 0 0

-0.018 -0.052 0.293 0 0 0

-0.009 -0.010 0.250 0 0 0

-0.005 -0.048 0.251 0 0 0

0.037 0.054 0.253 0 0 0

-0.004 0.015 0.285 0 0 0

0.008 -0.012 0.254 0 0 0

0.024 0.012 0.265 0 0 0