-0.042 0.031 0.176 0 0 0

-0.014 0.046 0.187 0 0 0

-0.032 0.002 0.195 0 0 0

0.000 -0.005 0.217 0 0 0

0.029 -0.078 0.201 0 0 0

-0.031 -0.076 0.214 0 0 0

0.034 0.011 0.177 0 0 0

0.017 -0.052 0.228 0 0 0

-0.030 -0.110 0.223 0 0 0

0.038 -0.030 0.168 0 0 0

0.043 0.035 0.179 0 0 0

0.014 0.051 0.187 0 0 0

0.035 0.004 0.190 0 0 0

0.002 0.001 0.218 0 0 0

-0.029 -0.082 0.205 0 0 0

0.032 -0.071 0.215 0 0 0

-0.035 0.015 0.179 0 0 0

-0.020 -0.051 0.228 0 0 0

0.033 -0.103 0.222 0 0 0

-0.039 -0.031 0.169 0 0 0

0.024 -0.010 0.246 0 0 0

0.032 -0.034 0.264 0 0 0

0.030 0.034 0.271 0 0 0

0.015 -0.051 0.293 0 0 0

0.010 -0.010 0.241 0 0 0

-0.001 -0.058 0.243 0 0 0

-0.035 0.050 0.252 0 0 0

0.000 0.019 0.274 0 0 0

-0.012 -0.016 0.245 0 0 0

-0.023 0.013 0.261 0 0 0

-0.030 -0.010 0.243 0 0 0

-0.037 -0.037 0.258 0 0 0

-0.037 0.041 0.266 0 0 0

-0.022 -0.054 0.285 0 0 0

-0.016 -0.012 0.238 0 0 0

-0.012 -0.054 0.239 0 0 0

0.030 0.049 0.253 0 0 0

-0.007 0.014 0.272 0 0 0

0.002 -0.012 0.240 0 0 0

0.018 0.013 0.257 0 0 0