-0.045 0.035 0.174 0 0 0 
-0.016 0.050 0.184 0 0 0
-0.041 0.009 0.179 0 0 0
-0.015 0.008 0.203 0 0 0
0.027 -0.069 0.199 0 0 0
-0.039 -0.065 0.202 0 0 0
0.036 0.022 0.178 0 0 0
0.019 -0.040 0.202 0 0 0
-0.031 -0.098 0.214 0 0 0
0.042 -0.021 0.166 0 0 0
0.047 0.035 0.173 0 0 0
0.016 0.052 0.183 0 0 0
0.044 0.012 0.182 0 0 0
0.011 0.002 0.206 0 0 0
-0.024 -0.063 0.192 0 0 0
0.041 -0.070 0.203 0 0 0
-0.036 0.020 0.178 0 0 0
-0.017 -0.037 0.203 0 0 0
0.029 -0.099 0.216 0 0 0
-0.039 -0.024 0.166 0 0 0
0.024 -0.003 0.260 0 0 0
0.026 -0.026 0.283 0 0 0
0.031 0.039 0.277 0 0 0
-0.004 -0.046 0.302 0 0 0
0.004 -0.008 0.247 0 0 0
0.006 -0.055 0.250 0 0 0
-0.042 0.055 0.252 0 0 0
-0.008 0.017 0.285 0 0 0
-0.014 -0.009 0.246 0 0 0
-0.030 0.020 0.263 0 0 0
-0.028 -0.003 0.246 0 0 0
-0.031 -0.026 0.265 0 0 0
-0.033 0.044 0.271 0 0 0
-0.009 -0.048 0.291 0 0 0
-0.009 -0.007 0.236 0 0 0
-0.005 -0.052 0.238 0 0 0
0.042 0.058 0.251 0 0 0
0.002 0.020 0.276 0 0 0
0.013 -0.010 0.238 0 0 0
0.028 0.019 0.256 0 0 0