-0.050 0.025 0.176 0 0 0
-0.017 0.046 0.194 0 0 0
-0.045 0.004 0.192 0 0 0
-0.007 -0.003 0.220 0 0 0
0.027 -0.087 0.213 0 0 0
-0.044 -0.073 0.221 0 0 0
0.040 0.006 0.180 0 0 0
0.021 -0.054 0.227 0 0 0
-0.032 -0.105 0.237 0 0 0
0.042 -0.040 0.175 0 0 0
0.048 0.025 0.182 0 0 0
0.020 0.048 0.194 0 0 0
0.043 0.000 0.196 0 0 0
0.010 0.000 0.221 0 0 0
-0.024 -0.084 0.212 0 0 0
0.044 -0.064 0.218 0 0 0
-0.043 0.006 0.179 0 0 0
-0.023 -0.053 0.225 0 0 0
0.038 -0.103 0.233 0 0 0
-0.045 -0.037 0.167 0 0 0
0.023 -0.005 0.244 0 0 0
0.031 -0.025 0.257 0 0 0
0.035 0.039 0.276 0 0 0
0.009 -0.039 0.298 0 0 0
0.002 -0.005 0.238 0 0 0
-0.006 -0.045 0.238 0 0 0
-0.048 0.052 0.254 0 0 0
-0.002 0.020 0.283 0 0 0
-0.022 -0.004 0.241 0 0 0
-0.034 0.020 0.266 0 0 0
-0.021 -0.006 0.245 0 0 0
-0.030 -0.024 0.261 0 0 0
-0.033 0.046 0.274 0 0 0
-0.006 -0.040 0.298 0 0 0
0.004 -0.005 0.239 0 0 0
-0.003 -0.047 0.238 0 0 0
0.049 0.061 0.254 0 0 0
0.004 0.028 0.284 0 0 0
0.026 -0.004 0.248 0 0 0
0.037 0.025 0.268 0 0 0