-0.040 0.025 0.181 0 0 0

-0.011 0.047 0.185 0 0 0

-0.035 0.000 0.195 0 0 0

-0.002 -0.002 0.217 0 0 0

0.024 -0.089 0.198 0 0 0

-0.033 -0.073 0.217 0 0 0

0.035 0.015 0.175 0 0 0

0.022 -0.061 0.221 0 0 0

-0.027 -0.102 0.227 0 0 0

0.034 -0.030 0.161 0 0 0

0.044 0.027 0.180 0 0 0

0.015 0.047 0.186 0 0 0

0.037 0.001 0.194 0 0 0

0.007 0.004 0.215 0 0 0

-0.026 -0.078 0.197 0 0 0

0.035 -0.069 0.221 0 0 0

-0.035 0.013 0.176 0 0 0

-0.020 -0.056 0.225 0 0 0

0.025 -0.099 0.233 0 0 0

-0.036 -0.029 0.166 0 0 0

0.030 -0.009 0.250 0 0 0

0.032 -0.031 0.272 0 0 0

0.036 0.034 0.267 0 0 0

0.008 -0.049 0.290 0 0 0

0.010 -0.009 0.244 0 0 0

0.006 -0.054 0.242 0 0 0

-0.036 0.053 0.248 0 0 0

0.002 0.009 0.277 0 0 0

-0.007 -0.009 0.242 0 0 0

-0.021 0.015 0.259 0 0 0

-0.027 -0.008 0.246 0 0 0

-0.031 -0.025 0.258 0 0 0

-0.033 0.037 0.264 0 0 0

-0.015 -0.045 0.281 0 0 0

-0.007 -0.008 0.239 0 0 0

-0.008 -0.050 0.239 0 0 0

0.038 0.055 0.251 0 0 0

-0.003 0.021 0.272 0 0 0

0.009 -0.009 0.242 0 0 0

0.025 0.015 0.257 0 0 0