-0.043 0.021 0.172 0 0 0
-0.008 0.047 0.190 0 0 0
-0.037 0.001 0.188 0 0 0
0.002 0.000 0.226 0 0 0
0.033 -0.092 0.207 0 0 0
-0.032 -0.069 0.223 0 0 0
0.042 0.010 0.181 0 0 0
0.032 -0.056 0.225 0 0 0
-0.027 -0.099 0.237 0 0 0
0.048 -0.031 0.170 0 0 0
0.041 0.027 0.179 0 0 0
0.003 0.053 0.191 0 0 0
0.031 0.002 0.196 0 0 0
-0.008 0.001 0.227 0 0 0
-0.034 -0.082 0.214 0 0 0
0.032 -0.066 0.223 0 0 0
-0.046 0.020 0.176 0 0 0
-0.030 -0.048 0.230 0 0 0
0.025 -0.100 0.239 0 0 0
-0.048 -0.027 0.169 0 0 0
0.019 -0.010 0.245 0 0 0
0.028 -0.029 0.272 0 0 0
0.033 0.036 0.273 0 0 0
0.005 -0.058 0.299 0 0 0
-0.004 -0.011 0.240 0 0 0
-0.003 -0.064 0.242 0 0 0
-0.044 0.057 0.253 0 0 0
-0.003 0.008 0.287 0 0 0
-0.023 -0.010 0.246 0 0 0
-0.033 0.013 0.271 0 0 0
-0.031 -0.012 0.249 0 0 0
-0.036 -0.032 0.269 0 0 0
-0.040 0.034 0.275 0 0 0
-0.013 -0.064 0.299 0 0 0
-0.009 -0.014 0.240 0 0 0
-0.001 -0.065 0.239 0 0 0
0.042 0.058 0.252 0 0 0
-0.002 0.011 0.284 0 0 0
0.012 -0.013 0.244 0 0 0
0.031 0.015 0.262 0 0 0