-0.045 0.035 0.180 0 0 0

-0.017 0.054 0.189 0 0 0

-0.040 0.005 0.197 0 0 0

-0.005 0.003 0.218 0 0 0

0.024 -0.071 0.199 0 0 0

-0.043 -0.070 0.212 0 0 0

0.036 0.014 0.180 0 0 0

0.014 -0.047 0.217 0 0 0

-0.029 -0.104 0.221 0 0 0

0.042 -0.027 0.170 0 0 0

0.041 0.036 0.181 0 0 0

0.010 0.055 0.192 0 0 0

0.039 0.003 0.197 0 0 0

0.000 0.004 0.220 0 0 0

-0.028 -0.073 0.197 0 0 0

0.037 -0.068 0.220 0 0 0

-0.046 0.020 0.174 0 0 0

-0.020 -0.045 0.219 0 0 0

0.030 -0.097 0.233 0 0 0

-0.044 -0.027 0.164 0 0 0

0.030 -0.011 0.255 0 0 0
0.035 -0.037 0.277 0 0 0

0.038 0.032 0.278 0 0 0

0.013 -0.056 0.300 0 0 0

0.010 -0.010 0.249 0 0 0

0.006 -0.059 0.249 0 0 0

-0.042 0.049 0.251 0 0 0

-0.001 0.012 0.286 0 0 0

-0.007 -0.010 0.250 0 0 0

-0.026 0.011 0.267 0 0 0

-0.032 -0.009 0.250 0 0 0

-0.040 -0.030 0.267 0 0 0

-0.043 0.048 0.274 0 0 0

-0.022 -0.050 0.299 0 0 0

-0.008 -0.012 0.245 0 0 0

-0.003 -0.058 0.243 0 0 0

0.043 0.053 0.254 0 0 0

-0.006 0.018 0.287 0 0 0

0.010 -0.008 0.248 0 0 0

0.027 0.014 0.265 0 0 0