-0.048 0.035 0.181 0 0 0

-0.018 0.054 0.189 0 0 0

-0.038 0.011 0.202 0 0 0

-0.002 -0.008 0.223 0 0 0

0.025 -0.074 0.197 0 0 0

-0.039 -0.072 0.220 0 0 0

0.034 0.016 0.177 0 0 0

0.019 -0.052 0.218 0 0 0

-0.027 -0.100 0.230 0 0 0

0.037 -0.023 0.162 0 0 0

0.045 0.034 0.179 0 0 0

0.016 0.055 0.187 0 0 0

0.038 0.003 0.194 0 0 0

0.003 -0.001 0.218 0 0 0

-0.029 -0.082 0.203 0 0 0

0.038 -0.070 0.219 0 0 0

-0.037 0.015 0.176 0 0 0

-0.022 -0.053 0.223 0 0 0

0.028 -0.106 0.229 0 0 0

-0.041 -0.028 0.162 0 0 0

0.014 -0.009 0.245 0 0 0

0.025 -0.027 0.267 0 0 0

0.028 0.041 0.272 0 0 0

0.006 -0.053 0.294 0 0 0

-0.005 -0.006 0.242 0 0 0

-0.004 -0.057 0.243 0 0 0

-0.045 0.064 0.251 0 0 0

-0.005 0.019 0.281 0 0 0

-0.018 -0.006 0.246 0 0 0

-0.032 0.019 0.264 0 0 0

-0.023 -0.007 0.246 0 0 0

-0.031 -0.030 0.263 0 0 0

-0.033 0.043 0.272 0 0 0

-0.019 -0.052 0.290 0 0 0

-0.002 -0.009 0.241 0 0 0

-0.003 -0.057 0.240 0 0 0

0.044 0.060 0.253 0 0 0

0.001 0.015 0.282 0 0 0

0.015 -0.010 0.245 0 0 0

0.029 0.018 0.263 0 0 0