-0.044 0.029 0.179 0 0 0
-0.015 0.046 0.191 0 0 0
-0.039 0.004 0.192 0 0 0
-0.002 -0.003 0.218 0 0 0
0.028 -0.077 0.196 0 0 0
-0.034 -0.066 0.224 0 0 0
0.038 0.014 0.175 0 0 0
0.022 -0.049 0.220 0 0 0
-0.029 -0.097 0.233 0 0 0
0.040 -0.034 0.163 0 0 0
0.047 0.020 0.169 0 0 0
0.013 0.048 0.186 0 0 0
0.043 -0.001 0.187 0 0 0
-0.003 -0.005 0.217 0 0 0
-0.027 -0.082 0.206 0 0 0
0.034 -0.070 0.221 0 0 0
-0.038 0.014 0.177 0 0 0
-0.022 -0.054 0.227 0 0 0
0.028 -0.098 0.229 0 0 0
-0.039 -0.034 0.167 0 0 0
0.024 0.000 0.262 0 0 0
0.029 -0.022 0.280 0 0 0
0.031 0.034 0.283 0 0 0
0.008 -0.045 0.312 0 0 0
0.003 0.000 0.256 0 0 0
0.002 -0.049 0.257 0 0 0
-0.041 0.060 0.258 0 0 0
0.000 0.014 0.300 0 0 0
-0.015 -0.005 0.261 0 0 0
-0.030 0.019 0.280 0 0 0
-0.021 -0.003 0.263 0 0 0
-0.030 -0.018 0.278 0 0 0
-0.035 0.038 0.287 0 0 0
-0.016 -0.045 0.314 0 0 0
-0.003 -0.004 0.261 0 0 0
0.000 -0.044 0.260 0 0 0
0.039 0.059 0.265 0 0 0
-0.003 0.016 0.303 0 0 0
0.011 -0.005 0.265 0 0 0
0.027 0.022 0.284 0 0 0