-0.047 0.026 0.179 0 0 0

-0.009 0.052 0.191 0 0 0

-0.042 -0.001 0.191 0 0 0

-0.008 0.007 0.222 0 0 0

0.030 -0.079 0.199 0 0 0

-0.041 -0.066 0.221 0 0 0

0.046 0.011 0.176 0 0 0

0.023 -0.045 0.218 0 0 0

-0.030 -0.099 0.228 0 0 0

0.043 -0.031 0.159 0 0 0

0.048 0.029 0.171 0 0 0

0.010 0.052 0.187 0 0 0

0.046 0.004 0.188 0 0 0

0.004 -0.002 0.223 0 0 0

-0.028 -0.072 0.193 0 0 0

0.041 -0.069 0.225 0 0 0

-0.041 0.015 0.178 0 0 0

-0.023 -0.048 0.211 0 0 0

0.032 -0.102 0.241 0 0 0

-0.041 -0.032 0.159 0 0 0

0.024 -0.007 0.244 0 0 0

0.027 -0.030 0.265 0 0 0

0.033 0.038 0.273 0 0 0

-0.003 -0.047 0.294 0 0 0

0.004 -0.009 0.235 0 0 0

-0.002 -0.059 0.242 0 0 0

-0.046 0.057 0.253 0 0 0

-0.004 0.015 0.278 0 0 0

-0.016 -0.011 0.238 0 0 0

-0.033 0.014 0.262 0 0 0

-0.030 -0.006 0.235 0 0 0

-0.032 -0.028 0.247 0 0 0

-0.040 0.043 0.264 0 0 0

-0.002 -0.055 0.283 0 0 0

-0.008 -0.009 0.225 0 0 0

-0.006 -0.060 0.228 0 0 0

0.044 0.055 0.239 0 0 0

0.003 0.017 0.267 0 0 0

0.011 -0.010 0.227 0 0 0

0.032 0.013 0.244 0 0 0