-0.041 0.039 0.177 0 0 0

-0.006 0.061 0.183 0 0 0

-0.036 0.010 0.191 0 0 0

0.000 0.009 0.218 0 0 0

0.027 -0.081 0.201 0 0 0

-0.035 -0.061 0.220 0 0 0

0.041 0.027 0.173 0 0 0

0.022 -0.047 0.216 0 0 0

-0.028 -0.097 0.236 0 0 0

0.041 -0.022 0.161 0 0 0

0.044 0.044 0.178 0 0 0

0.009 0.065 0.185 0 0 0

0.038 0.021 0.190 0 0 0

0.000 0.009 0.219 0 0 0

-0.027 -0.077 0.209 0 0 0

0.036 -0.066 0.219 0 0 0

-0.040 0.025 0.176 0 0 0

-0.020 -0.047 0.217 0 0 0

0.026 -0.094 0.231 0 0 0

-0.040 -0.022 0.165 0 0 0

0.021 -0.013 0.245 0 0 0

0.025 -0.039 0.267 0 0 0

0.032 0.029 0.267 0 0 0

-0.006 -0.061 0.293 0 0 0

-0.002 -0.016 0.237 0 0 0

-0.001 -0.064 0.237 0 0 0

-0.043 0.052 0.246 0 0 0

-0.006 0.008 0.279 0 0 0

-0.021 -0.014 0.241 0 0 0

-0.033 0.010 0.259 0 0 0

-0.030 -0.015 0.247 0 0 0

-0.034 -0.040 0.261 0 0 0

-0.037 0.035 0.272 0 0 0

-0.018 -0.065 0.289 0 0 0

-0.011 -0.014 0.241 0 0 0

-0.007 -0.061 0.240 0 0 0

0.038 0.053 0.251 0 0 0

-0.007 0.003 0.283 0 0 0

0.009 -0.019 0.245 0 0 0

0.025 0.007 0.265 0 0 0