-0.048 0.023 0.174 0 0 0
-0.015 0.039 0.189 0 0 0
-0.041 -0.002 0.193 0 0 0
-0.009 -0.009 0.220 0 0 0
0.023 -0.089 0.204 0 0 0
-0.040 -0.078 0.221 0 0 0
0.038 0.020 0.179 0 0 0
0.018 -0.059 0.223 0 0 0
-0.035 -0.104 0.233 0 0 0
0.040 -0.030 0.168 0 0 0
0.045 0.033 0.180 0 0 0
0.011 0.043 0.189 0 0 0
0.040 0.000 0.195 0 0 0
0.008 -0.001 0.218 0 0 0
-0.024 -0.085 0.204 0 0 0
0.039 -0.074 0.224 0 0 0
-0.038 0.016 0.178 0 0 0
-0.016 -0.056 0.223 0 0 0
0.035 -0.102 0.235 0 0 0
-0.040 -0.031 0.166 0 0 0
0.026 0.000 0.251 0 0 0
0.028 -0.026 0.267 0 0 0
0.035 0.037 0.272 0 0 0
0.005 -0.052 0.295 0 0 0
0.005 -0.003 0.239 0 0 0
0.001 -0.052 0.242 0 0 0
-0.044 0.063 0.252 0 0 0
-0.002 0.012 0.282 0 0 0
-0.019 -0.004 0.243 0 0 0
-0.032 0.021 0.264 0 0 0
-0.027 -0.005 0.247 0 0 0
-0.033 -0.026 0.261 0 0 0
-0.036 0.043 0.272 0 0 0
-0.015 -0.045 0.289 0 0 0
-0.008 -0.006 0.237 0 0 0
0.000 -0.049 0.238 0 0 0
0.044 0.063 0.251 0 0 0
0.002 0.021 0.276 0 0 0
0.012 -0.008 0.240 0 0 0
0.031 0.014 0.262 0 0 0