-0.049 0.038 0.177 0 0 0
-0.015 0.058 0.194 0 0 0
-0.041 0.006 0.194 0 0 0
-0.003 0.014 0.220 0 0 0
0.034 -0.073 0.206 0 0 0
-0.038 -0.058 0.227 0 0 0
0.045 0.031 0.179 0 0 0
0.028 -0.042 0.224 0 0 0
-0.034 -0.095 0.238 0 0 0
0.052 -0.021 0.165 0 0 0
0.045 0.036 0.185 0 0 0
0.012 0.056 0.198 0 0 0
0.038 0.009 0.199 0 0 0
-0.006 0.008 0.224 0 0 0
-0.038 -0.079 0.209 0 0 0
0.035 -0.062 0.233 0 0 0
-0.049 0.028 0.178 0 0 0
-0.032 -0.043 0.226 0 0 0
0.029 -0.094 0.243 0 0 0
-0.055 -0.014 0.167 0 0 0
0.038 -0.015 0.255 0 0 0
0.038 -0.042 0.272 0 0 0
0.039 0.035 0.284 0 0 0
0.008 -0.053 0.302 0 0 0
0.015 -0.018 0.243 0 0 0
0.004 -0.058 0.240 0 0 0
-0.040 0.051 0.251 0 0 0
-0.002 0.007 0.286 0 0 0
-0.006 -0.016 0.240 0 0 0
-0.026 0.012 0.264 0 0 0
-0.030 -0.014 0.252 0 0 0
-0.034 -0.039 0.273 0 0 0
-0.036 0.036 0.277 0 0 0
-0.007 -0.059 0.298 0 0 0
-0.007 -0.014 0.238 0 0 0
0.000 -0.056 0.238 0 0 0
0.048 0.058 0.251 0 0 0
0.004 0.007 0.287 0 0 0
0.019 -0.013 0.243 0 0 0
0.036 0.015 0.263 0 0 0