-0.051 0.035 0.169 0 0 0
-0.017 0.059 0.193 0 0 0
-0.045 0.007 0.195 0 0 0
-0.008 0.021 0.218 0 0 0
0.037 -0.073 0.204 0 0 0
-0.037 -0.062 0.225 0 0 0
0.039 0.029 0.183 0 0 0
0.026 -0.038 0.228 0 0 0
-0.030 -0.096 0.238 0 0 0
0.050 -0.020 0.166 0 0 0
0.051 0.048 0.174 0 0 0
0.015 0.067 0.193 0 0 0
0.048 0.015 0.192 0 0 0
0.001 0.021 0.218 0 0 0
-0.036 -0.070 0.207 0 0 0
0.040 -0.063 0.224 0 0 0
-0.041 0.030 0.181 0 0 0
-0.025 -0.034 0.221 0 0 0
0.030 -0.099 0.238 0 0 0
-0.050 -0.013 0.168 0 0 0
0.032 -0.006 0.245 0 0 0
0.038 -0.032 0.269 0 0 0
0.038 0.042 0.275 0 0 0
0.009 -0.043 0.296 0 0 0
0.009 -0.009 0.241 0 0 0
0.006 -0.047 0.240 0 0 0
-0.043 0.049 0.256 0 0 0
0.003 0.013 0.286 0 0 0
-0.012 -0.010 0.246 0 0 0
-0.023 0.010 0.271 0 0 0
-0.030 -0.008 0.252 0 0 0
-0.037 -0.037 0.275 0 0 0
-0.037 0.038 0.279 0 0 0
-0.012 -0.047 0.302 0 0 0
-0.013 -0.008 0.248 0 0 0
-0.007 -0.047 0.247 0 0 0
0.041 0.054 0.264 0 0 0
-0.003 0.016 0.292 0 0 0
0.011 -0.008 0.252 0 0 0
0.026 0.013 0.274 0 0 0