-0.046 0.042 0.174 0 0 0

-0.011 0.065 0.185 0 0 0

-0.038 0.014 0.192 0 0 0

-0.004 0.015 0.215 0 0 0

0.028 -0.084 0.201 0 0 0

-0.040 -0.063 0.221 0 0 0

0.045 0.026 0.173 0 0 0

0.022 -0.046 0.220 0 0 0

-0.034 -0.094 0.244 0 0 0

0.047 -0.023 0.161 0 0 0

0.050 0.049 0.170 0 0 0

0.016 0.072 0.182 0 0 0

0.043 0.027 0.185 0 0 0

0.013 0.014 0.213 0 0 0

-0.020 -0.067 0.203 0 0 0

0.051 -0.062 0.211 0 0 0

-0.040 0.031 0.176 0 0 0

-0.011 -0.034 0.218 0 0 0
0.044 -0.090 0.231 0 0 0

-0.041 -0.019 0.167 0 0 0

0.028 -0.008 0.253 0 0 0

0.032 -0.035 0.272 0 0 0

0.035 0.036 0.277 0 0 0

0.004 -0.045 0.292 0 0 0

0.010 -0.007 0.244 0 0 0

0.009 -0.053 0.250 0 0 0

-0.039 0.062 0.254 0 0 0

-0.007 0.012 0.283 0 0 0

-0.009 -0.011 0.245 0 0 0

-0.028 0.014 0.261 0 0 0

-0.033 -0.010 0.248 0 0 0

-0.034 -0.037 0.266 0 0 0

-0.039 0.039 0.274 0 0 0

-0.010 -0.047 0.288 0 0 0

-0.013 -0.008 0.237 0 0 0

-0.008 -0.052 0.243 0 0 0

0.040 0.061 0.253 0 0 0

-0.001 0.012 0.279 0 0 0

0.007 -0.010 0.237 0 0 0

0.026 0.017 0.258 0 0 0