-0.048 0.031 0.168 0 0 0

-0.021 0.052 0.179 0 0 0

-0.041 0.000 0.185 0 0 0

-0.015 -0.012 0.212 0 0 0

0.027 -0.086 0.204 0 0 0

-0.040 -0.083 0.204 0 0 0

0.041 0.015 0.166 0 0 0

0.020 -0.061 0.205 0 0 0

-0.030 -0.115 0.208 0 0 0

0.045 -0.013 0.153 0 0 0

0.050 0.042 0.182 0 0 0

0.016 0.055 0.190 0 0 0

0.041 0.008 0.200 0 0 0

0.005 0.004 0.221 0 0 0

-0.027 -0.079 0.199 0 0 0

0.041 -0.070 0.223 0 0 0

-0.041 0.022 0.176 0 0 0

-0.018 -0.049 0.227 0 0 0

0.032 -0.104 0.236 0 0 0

-0.038 -0.023 0.166 0 0 0

0.019 -0.008 0.239 0 0 0

0.027 -0.031 0.257 0 0 0

0.029 0.030 0.265 0 0 0

0.010 -0.059 0.287 0 0 0

-0.002 -0.011 0.233 0 0 0

-0.009 -0.062 0.229 0 0 0

-0.046 0.057 0.245 0 0 0

-0.007 0.014 0.275 0 0 0

-0.019 -0.011 0.236 0 0 0

-0.031 0.016 0.259 0 0 0

-0.033 -0.009 0.259 0 0 0

-0.034 -0.025 0.270 0 0 0

-0.034 0.049 0.276 0 0 0

-0.020 -0.055 0.299 0 0 0

-0.010 -0.012 0.249 0 0 0

-0.007 -0.059 0.245 0 0 0

0.040 0.058 0.259 0 0 0

0.001 0.025 0.285 0 0 0

0.008 -0.014 0.250 0 0 0

0.029 0.017 0.265 0 0 0