-0.045 0.038 0.170 0 0 0
-0.011 0.046 0.192 0 0 0
-0.035 0.004 0.191 0 0 0
-0.005 -0.001 0.221 0 0 0
0.041 -0.083 0.200 0 0 0
-0.025 -0.077 0.219 0 0 0
0.039 0.026 0.178 0 0 0
0.033 -0.055 0.217 0 0 0
-0.024 -0.103 0.233 0 0 0
0.044 -0.017 0.160 0 0 0
0.045 0.043 0.170 0 0 0
0.011 0.046 0.193 0 0 0
0.034 0.009 0.191 0 0 0
0.005 -0.001 0.221 0 0 0
-0.041 -0.084 0.200 0 0 0
0.028 -0.077 0.218 0 0 0
-0.032 0.026 0.178 0 0 0
-0.033 -0.056 0.217 0 0 0
0.029 -0.102 0.233 0 0 0
-0.044 -0.017 0.161 0 0 0
0.014 -0.006 0.248 0 0 0
0.026 -0.032 0.262 0 0 0
0.023 0.036 0.263 0 0 0
-0.003 -0.054 0.288 0 0 0
0.002 -0.008 0.242 0 0 0
-0.00 -0.054 0.232 0 0 0
-0.043 0.056 0.249 0 0 0
-0.014 0.014 0.282 0 0 0
-0.015 -0.006 0.243 0 0 0
-0.036 0.014 0.257 0 0 0
-0.020 -0.006 0.242 0 0 0
-0.026 -0.032 0.262 0 0 0
-0.022 0.036 0.265 0 0 0
0.003 -0.054 0.289 0 0 0
-0.004 -0.008 0.235 0 0 0
0.000 -0.054 0.232 0 0 0
0.043 0.056 0.244 0 0 0
0.014 0.014 0.277 0 0 0
0.017 -0.006 0.237 0 0 0
0.036 0.013 0.252 0 0 0