-0.040 0.031 0.179 0 0 0

-0.010 0.055 0.184 0 0 0

-0.031 0.007 0.197 0 0 0

-0.008 -0.009 0.223 0 0 0

0.026 -0.080 0.205 0 0 0

-0.040 -0.073 0.226 0 0 0

0.038 0.015 0.177 0 0 0

0.018 -0.053 0.229 0 0 0

-0.029 -0.108 0.231 0 0 0

0.042 -0.031 0.166 0 0 0

0.049 0.040 0.181 0 0 0

0.018 0.054 0.188 0 0 0

0.042 0.007 0.193 0 0 0

0.006 -0.004 0.225 0 0 0

-0.027 -0.082 0.205 0 0 0

0.040 -0.068 0.227 0 0 0
-0.038 0.016 0.178 0 0 0

-0.019 -0.049 0.221 0 0 0

0.027 -0.100 0.243 0 0 0

-0.034 -0.032 0.166 0 0 0

0.026 -0.011 0.250 0 0 0

0.029 -0.037 0.274 0 0 0

0.031 0.031 0.272 0 0 0

0.009 -0.057 0.294 0 0 0

0.008 -0.013 0.245 0 0 0

0.003 -0.065 0.244 0 0 0

-0.039 0.055 0.253 0 0 0

-0.007 0.013 0.281 0 0 0

-0.011 -0.013 0.248 0 0 0

-0.028 0.017 0.263 0 0 0

-0.026 -0.013 0.247 0 0 0

-0.030 -0.037 0.258 0 0 0

-0.036 0.045 0.272 0 0 0

-0.019 -0.056 0.288 0 0 0

-0.007 -0.018 0.241 0 0 0

-0.002 -0.067 0.240 0 0 0

0.039 0.059 0.256 0 0 0

-0.001 0.011 0.279 0 0 0

0.014 -0.014 0.246 0 0 0

0.027 0.016 0.262 0 0 0