-0.042 0.037 0.180 0 0 0

-0.008 0.053 0.190 0 0 0

-0.036 0.010 0.192 0 0 0

0.003 0.009 0.221 0 0 0

0.035 -0.076 0.200 0 0 0

-0.033 -0.070 0.222 0 0 0

0.048 0.022 0.176 0 0 0

0.029 -0.047 0.225 0 0 0

-0.024 -0.107 0.227 0 0 0

0.051 -0.030 0.159 0 0 0

0.049 0.042 0.182 0 0 0

0.013 0.057 0.191 0 0 0

0.042 0.012 0.192 0 0 0

0.005 0.009 0.218 0 0 0

-0.029 -0.070 0.200 0 0 0

0.037 -0.069 0.214 0 0 0

-0.040 0.028 0.174 0 0 0

-0.026 -0.044 0.211 0 0 0

0.021 -0.101 0.221 0 0 0

-0.044 -0.015 0.163 0 0 0

0.030 -0.013 0.265 0 0 0

0.030 -0.039 0.285 0 0 0

0.037 0.032 0.281 0 0 0

0.001 -0.060 0.308 0 0 0

0.009 -0.017 0.255 0 0 0

0.008 -0.066 0.258 0 0 0

-0.042 0.055 0.256 0 0 0

0.000 0.005 0.295 0 0 0

-0.011 -0.019 0.255 0 0 0

-0.025 0.007 0.277 0 0 0

-0.027 -0.017 0.254 0 0 0

-0.027 -0.039 0.268 0 0 0

-0.035 0.031 0.276 0 0 0

0.000 -0.062 0.293 0 0 0

-0.005 -0.017 0.243 0 0 0

-0.010 -0.063 0.250 0 0 0

0.039 0.058 0.252 0 0 0

0.006 0.015 0.286 0 0 0

0.014 -0.018 0.246 0 0 0

0.031 0.012 0.263 0 0 0