-0.044 0.038 0.171 0 0 0
-0.014 0.055 0.188 0 0 0
-0.039 0.011 0.188 0 0 0
-0.004 0.002 0.219 0 0 0
0.029 -0.076 0.201 0 0 0
-0.042 -0.071 0.216 0 0 0
0.043 0.023 0.173 0 0 0
0.019 -0.049 0.218 0 0 0
-0.029 -0.104 0.221 0 0 0
0.044 -0.023 0.162 0 0 0
0.044 0.033 0.177 0 0 0
0.011 0.055 0.188 0 0 0
0.038 0.010 0.192 0 0 0
-0.001 -0.001 0.219 0 0 0
-0.031 -0.082 0.201 0 0 0
0.038 -0.073 0.216 0 0 0
-0.042 0.021 0.173 0 0 0
-0.021 -0.049 0.220 0 0 0
0.025 -0.106 0.229 0 0 0
-0.042 -0.031 0.165 0 0 0
0.027 -0.009 0.248 0 0 0
0.028 -0.027 0.264 0 0 0
0.028 0.034 0.269 0 0 0
-0.007 -0.054 0.287 0 0 0
0.000 -0.011 0.238 0 0 0
0.004 -0.056 0.238 0 0 0
-0.044 0.058 0.249 0 0 0
-0.011 0.008 0.277 0 0 0
-0.016 -0.014 0.240 0 0 0
-0.033 0.013 0.261 0 0 0
-0.036 -0.010 0.254 0 0 0
-0.036 -0.037 0.272 0 0 0
-0.032 0.042 0.271 0 0 0
-0.010 -0.052 0.290 0 0 0
-0.013 -0.010 0.244 0 0 0
-0.013 -0.050 0.245 0 0 0
0.038 0.055 0.252 0 0 0
-0.002 0.004 0.284 0 0 0
0.007 -0.012 0.246 0 0 0
0.025 0.012 0.258 0 0 0