-0.045 0.039 0.182 0 0 0
-0.013 0.055 0.192 0 0 0

-0.038 0.014 0.191 0 0 0

-0.003 -0.003 0.224 0 0 0

0.031 -0.074 0.204 0 0 0

-0.038 -0.072 0.213 0 0 0

0.045 0.024 0.179 0 0 0

0.018 -0.041 0.223 0 0 0

-0.029 -0.107 0.230 0 0 0

0.049 -0.023 0.169 0 0 0

0.045 0.039 0.179 0 0 0

0.011 0.061 0.189 0 0 0

0.040 0.018 0.192 0 0 0

0.007 0.012 0.219 0 0 0

-0.030 -0.079 0.201 0 0 0

0.041 -0.069 0.222 0 0 0

-0.040 0.017 0.182 0 0 0

-0.016 -0.048 0.224 0 0 0

0.032 -0.103 0.235 0 0 0

-0.044 -0.033 0.160 0 0 0

0.021 -0.008 0.246 0 0 0

0.027 -0.033 0.264 0 0 0

0.034 0.035 0.266 0 0 0

0.005 -0.058 0.293 0 0 0

-0.001 -0.011 0.240 0 0 0

-0.004 -0.064 0.247 0 0 0

-0.052 0.061 0.257 0 0 0

-0.007 0.017 0.280 0 0 0

-0.022 -0.011 0.246 0 0 0

-0.037 0.017 0.267 0 0 0

-0.029 -0.010 0.244 0 0 0

-0.036 -0.035 0.259 0 0 0

-0.039 0.037 0.270 0 0 0

-0.019 -0.055 0.286 0 0 0
-0.005 -0.013 0.238 0 0 0

-0.003 -0.057 0.235 0 0 0

0.051 0.056 0.244 0 0 0

0.001 0.009 0.280 0 0 0

0.013 -0.016 0.240 0 0 0

0.032 0.012 0.264 0 0 0