-0.049 0.032 0.187 0 0 0

-0.022 0.057 0.195 0 0 0

-0.041 0.004 0.202 0 0 0

-0.006 0.018 0.227 0 0 0

0.043 -0.082 0.210 0 0 0

-0.032 -0.065 0.228 0 0 0

0.040 0.033 0.183 0 0 0

0.034 -0.045 0.229 0 0 0

-0.023 -0.105 0.246 0 0 0

0.050 -0.017 0.164 0 0 0

0.049 0.040 0.186 0 0 0

0.015 0.064 0.194 0 0 0

0.041 0.013 0.204 0 0 0

0.005 0.020 0.225 0 0 0

-0.038 -0.071 0.201 0 0 0

0.038 -0.064 0.227 0 0 0

-0.042 0.033 0.180 0 0 0

-0.027 -0.039 0.223 0 0 0

0.029 -0.098 0.240 0 0 0

-0.048 -0.014 0.171 0 0 0

0.020 -0.012 0.254 0 0 0

0.026 -0.028 0.277 0 0 0

0.031 0.039 0.281 0 0 0

0.005 -0.059 0.310 0 0 0

-0.002 -0.012 0.246 0 0 0

-0.008 -0.063 0.251 0 0 0

-0.052 0.062 0.255 0 0 0

-0.011 0.021 0.287 0 0 0

-0.025 -0.008 0.249 0 0 0

-0.041 0.021 0.270 0 0 0

-0.025 -0.012 0.254 0 0 0

-0.031 -0.033 0.267 0 0 0

-0.040 0.043 0.278 0 0 0

-0.014 -0.049 0.305 0 0 0

-0.006 -0.014 0.247 0 0 0

0.004 -0.059 0.248 0 0 0

0.050 0.062 0.256 0 0 0

0.008 0.022 0.289 0 0 0

0.016 -0.012 0.251 0 0 0

0.035 0.021 0.269 0 0 0