-0.054 0.036 0.179 0 0 0
-0.023 0.060 0.192 0 0 0
-0.042 0.004 0.199 0 0 0
-0.008 0.009 0.216 0 0 0
0.032 -0.068 0.200 0 0 0
-0.041 -0.066 0.215 0 0 0
0.040 0.033 0.180 0 0 0
0.019 -0.037 0.222 0 0 0
-0.038 -0.102 0.232 0 0 0
0.046 -0.015 0.169 0 0 0
0.057 0.044 0.172 0 0 0
0.027 0.065 0.187 0 0 0
0.052 0.020 0.185 0 0 0
0.017 0.019 0.211 0 0 0
-0.029 -0.061 0.195 0 0 0
0.042 -0.069 0.222 0 0 0
-0.044 0.037 0.178 0 0 0
-0.018 -0.035 0.217 0 0 0
0.035 -0.101 0.238 0 0 0
-0.044 -0.020 0.170 0 0 0
0.025 -0.008 0.254 0 0 0
0.029 -0.030 0.278 0 0 0
0.033 0.039 0.279 0 0 0
0.003 -0.049 0.306 0 0 0
-0.002 -0.010 0.244 0 0 0
0.000 -0.054 0.247 0 0 0
-0.052 0.062 0.255 0 0 0
-0.013 0.016 0.286 0 0 0
-0.020 -0.011 0.245 0 0 0
-0.037 0.016 0.266 0 0 0
-0.023 -0.009 0.258 0 0 0
-0.026 -0.029 0.269 0 0 0
-0.031 0.046 0.282 0 0 0
-0.005 -0.057 0.305 0 0 0
-0.005 -0.011 0.244 0 0 0
-0.003 -0.057 0.244 0 0 0
0.055 0.064 0.251 0 0 0
0.013 0.021 0.284 0 0 0
0.020 -0.011 0.245 0 0 0
0.040 0.021 0.263 0 0 0