-0.049 0.038 0.173 0 0 0
-0.018 0.054 0.190 0 0 0
-0.042 0.011 0.188 0 0 0
-0.009 -0.007 0.228 0 0 0
0.024 -0.080 0.210 0 0 0
-0.044 -0.073 0.225 0 0 0
0.040 0.022 0.179 0 0 0
0.014 -0.051 0.229 0 0 0
-0.039 -0.104 0.244 0 0 0
0.041 -0.028 0.165 0 0 0
0.047 0.038 0.169 0 0 0
0.015 0.059 0.187 0 0 0
0.042 0.015 0.186 0 0 0
0.010 -0.002 0.223 0 0 0
-0.023 -0.082 0.212 0 0 0
0.047 -0.064 0.227 0 0 0
-0.038 0.022 0.180 0 0 0
-0.012 -0.050 0.232 0 0 0
0.040 -0.096 0.240 0 0 0
-0.040 -0.030 0.172 0 0 0
0.026 -0.002 0.247 0 0 0
0.028 -0.027 0.268 0 0 0
0.029 0.042 0.268 0 0 0
0.001 -0.049 0.289 0 0 0
0.003 -0.004 0.237 0 0 0
0.001 -0.049 0.241 0 0 0
-0.046 0.068 0.252 0 0 0
-0.007 0.022 0.276 0 0 0
-0.017 -0.007 0.241 0 0 0
-0.030 0.015 0.259 0 0 0
-0.024 -0.009 0.254 0 0 0
-0.031 -0.028 0.270 0 0 0
-0.030 0.040 0.270 0 0 0
-0.007 -0.068 0.293 0 0 0
-0.004 -0.013 0.244 0 0 0
-0.003 -0.059 0.242 0 0 0
0.049 0.066 0.246 0 0 0
0.009 0.015 0.282 0 0 0
0.014 -0.012 0.246 0 0 0
0.031 0.012 0.261 0 0 0