-0.044 0.039 0.179 0 0 0

-0.009 0.052 0.194 0 0 0

-0.037 0.008 0.196 0 0 0

0.002 0.003 0.222 0 0 0

0.028 -0.075 0.206 0 0 0

-0.035 -0.063 0.223 0 0 0

0.043 0.027 0.174 0 0 0

0.023 -0.048 0.223 0 0 0

-0.030 -0.097 0.231 0 0 0

0.043 -0.009 0.168 0 0 0

0.041 0.041 0.180 0 0 0

0.007 0.056 0.189 0 0 0

0.034 0.014 0.193 0 0 0

0.000 0.013 0.220 0 0 0

-0.031 -0.083 0.207 0 0 0

0.033 -0.065 0.224 0 0 0

-0.041 0.018 0.179 0 0 0

-0.024 -0.051 0.229 0 0 0

0.024 -0.099 0.235 0 0 0

-0.043 -0.021 0.168 0 0 0

0.021 -0.010 0.248 0 0 0

0.027 -0.037 0.269 0 0 0

0.026 0.036 0.273 0 0 0

0.002 -0.073 0.295 0 0 0

0.000 -0.015 0.239 0 0 0

0.002 -0.067 0.239 0 0 0

-0.046 0.056 0.248 0 0 0

-0.009 0.013 0.279 0 0 0

-0.018 -0.018 0.240 0 0 0

-0.034 0.014 0.260 0 0 0

-0.031 -0.007 0.248 0 0 0

-0.037 -0.030 0.265 0 0 0

-0.038 0.034 0.275 0 0 0

-0.017 -0.055 0.296 0 0 0

-0.011 -0.011 0.242 0 0 0

-0.005 -0.058 0.243 0 0 0

0.041 0.053 0.258 0 0 0

-0.001 0.012 0.284 0 0 0

0.011 -0.017 0.246 0 0 0

0.024 0.007 0.270 0 0 0