-0.055 0.054 0.184 0 0 0
-0.020 0.068 0.202 0 0 0
-0.050 0.025 0.195 0 0 0
-0.011 0.025 0.230 0 0 0
0.037 -0.063 0.204 0 0 0
-0.040 -0.062 0.243 0 0 0
0.036 0.045 0.187 0 0 0
0.030 -0.030 0.234 0 0 0
-0.028 -0.100 0.245 0 0 0
0.042 -0.018 0.166 0 0 0
0.052 0.051 0.185 0 0 0
0.013 0.073 0.196 0 0 0
0.048 0.024 0.194 0 0 0
0.007 0.026 0.227 0 0 0
-0.040 -0.051 0.205 0 0 0
0.039 -0.057 0.240 0 0 0
-0.042 0.044 0.182 0 0 0
-0.033 -0.031 0.226 0 0 0
0.023 -0.100 0.247 0 0 0
-0.043 -0.011 0.168 0 0 0
0.042 -0.025 0.252 0 0 0
0.044 -0.046 0.281 0 0 0
0.039 0.035 0.281 0 0 0
0.005 -0.059 0.304 0 0 0
0.016 -0.028 0.236 0 0 0
0.018 -0.059 0.239 0 0 0
-0.043 0.041 0.246 0 0 0
0.000 0.008 0.283 0 0 0
-0.008 -0.028 0.236 0 0 0
-0.025 -0.001 0.261 0 0 0
-0.039 -0.026 0.244 0 0 0
-0.046 -0.049 0.263 0 0 0
-0.040 0.033 0.280 0 0 0
-0.017 -0.062 0.300 0 0 0
-0.016 -0.027 0.231 0 0 0
-0.007 -0.066 0.232 0 0 0
0.051 0.043 0.246 0 0 0
0.002 0.005 0.278 0 0 0
0.010 -0.031 0.231 0 0 0
0.037 0.001 0.255 0 0 0
