-0.048 0.046 0.169 0 0 0
-0.018 0.061 0.191 0 0 0
-0.043 0.022 0.187 0 0 0
-0.003 0.008 0.221 0 0 0
0.037 -0.074 0.202 0 0 0
-0.036 -0.075 0.208 0 0 0
0.047 0.033 0.180 0 0 0
0.026 -0.048 0.231 0 0 0
-0.031 -0.105 0.219 0 0 0
0.050 -0.024 0.167 0 0 0
0.053 0.041 0.171 0 0 0
0.024 0.062 0.192 0 0 0
0.048 0.014 0.187 0 0 0
0.008 0.005 0.227 0 0 0
-0.037 -0.069 0.209 0 0 0
0.037 -0.069 0.209 0 0 0
-0.043 0.036 0.178 0 0 0
-0.025 -0.044 0.230 0 0 0
0.032 -0.103 0.229 0 0 0
-0.045 -0.022 0.165 0 0 0
0.046 -0.012 0.261 0 0 0
0.050 -0.024 0.284 0 0 0
0.042 0.048 0.283 0 0 0
0.001 -0.060 0.310 0 0 0
0.028 -0.016 0.251 0 0 0
0.028 -0.061 0.252 0 0 0
-0.035 0.041 0.245 0 0 0
0.006 0.015 0.289 0 0 0
0.006 -0.019 0.246 0 0 0
-0.017 0.007 0.267 0 0 0
-0.045 -0.015 0.257 0 0 0
-0.047 -0.029 0.281 0 0 0
-0.039 0.051 0.285 0 0 0
-0.006 -0.068 0.307 0 0 0
-0.007 -0.021 0.240 0 0 0
-0.029 -0.067 0.245 0 0 0
0.037 0.037 0.242 0 0 0
-0.002 0.014 0.282 0 0 0
-0.007 -0.020 0.240 0 0 0
0.020 0.003 0.259 0 0 0
