-0.049 0.026 0.176 0 0 0
-0.018 0.048 0.197 0 0 0
-0.041 0.005 0.195 0 0 0
-0.006 -0.002 0.227 0 0 0
0.037 -0.076 0.199 0 0 0
-0.037 -0.068 0.225 0 0 0
0.038 0.033 0.183 0 0 0
0.033 -0.049 0.220 0 0 0
-0.032 -0.097 0.242 0 0 0
0.050 -0.020 0.165 0 0 0
0.046 0.036 0.178 0 0 0
0.012 0.054 0.197 0 0 0
0.041 0.010 0.191 0 0 0
0.003 0.007 0.223 0 0 0
-0.033 -0.067 0.194 0 0 0
0.039 -0.064 0.228 0 0 0
-0.040 0.036 0.182 0 0 0
-0.030 -0.042 0.217 0 0 0
0.030 -0.098 0.249 0 0 0
-0.046 -0.020 0.171 0 0 0
0.025 -0.005 0.246 0 0 0
0.030 -0.031 0.266 0 0 0
0.034 0.038 0.274 0 0 0
0.006 -0.052 0.304 0 0 0
-0.003 -0.008 0.236 0 0 0
-0.005 -0.062 0.237 0 0 0
-0.050 0.062 0.250 0 0 0
-0.006 0.022 0.282 0 0 0
-0.022 -0.009 0.243 0 0 0
-0.037 0.023 0.266 0 0 0
-0.012 -0.007 0.238 0 0 0
-0.028 -0.025 0.263 0 0 0
-0.034 0.042 0.273 0 0 0
-0.005 -0.044 0.299 0 0 0
0.007 -0.006 0.238 0 0 0
0.009 -0.050 0.240 0 0 0
0.051 0.063 0.253 0 0 0
0.006 0.020 0.283 0 0 0
0.028 -0.005 0.247 0 0 0
0.041 0.022 0.263 0 0 0
